0000053980
0000063792
0000063944
0000064161
0000064162
0000064163
0000064164
0000064165
0000064166
0000064167
0000064168
0000064169
0000064170
0000064171
0000064172
0000064173
0000064174
0000064175
0000064176
0000064177
0000064178
0000064179
0000064180
0000064181
0000064182
0000064183
0000064184
0000064185
0000064186
0000064190
0000064191
0000064192
0000064193
0000064194
0000064195
0000064196
0000064197
0000064198
0000064199
0000064200
0000064201
0000064202
0000064203
0000064204
0000064205
0000064206
0000064207
0000064208
0000064209
0000064210
0000064211
0000064212
0000064213
0000064214
0000064215
0000064216
0000064217
0000064218
0000064219
0000064220
0000064221
0000064222
0000064223
0000064224
0000064225
0000064226
0000064227
0000064228
0000064229
0000064230
0000064231
0000064232
0000064233
0000064234
0000064235
0000064236
0000064238
0000064239
0000064242
0000064243
0000064245
0000064246
0000064248
0000064249
0000064250
0000064251
0000064254
0000064255
0000064256
0000064258
0000064260
0000064261
0000064262
0000064264
0000064265
0000064266
0000064268
0000064270
0000064271
0000064272
0000064273
0000064274
0000064275
0000064277
0000064280
0000064281
0000064283
0000064284
0000064285
0000064290
0000064291
0000064293
0000064294
0000064295
0000064296
0000064297
0000064299
0000064300
0000064301
0000064302
0000064305
0000064306
0000064308
0000064309
0000064310
0000064311
0000064312
0000064313
0000064314
0000064315
0000064316
0000064317
0000064318
0000064319
0000064322
0000064323
0000064324
0000064325
0000064326
0000064327
0000064328
0000064329
0000064330
0000064331
0000064332
0000064333
0000064334
0000064335
0000064336
0000064337
0000064338
0000064339
0000064340
0000064341
0000064342
0000064343
0000064344
0000064345
0000064346
0000064347
0000064348
0000064349
0000064350
0000064351
0000064352
0000064353
0000064354
0000064355
0000064356
0000064357
0000064358
0000064359
0000064360
0000064361
0000064362
0000064363
0000064364
0000064365
0000064366
0000064367
0000064368
0000064369
0000064370
0000064371
0000064372
0000064373
0000064374
0000064375
0000064376
0000064377
0000064378
0000064379
0000064380
0000064381
0000064382
0000064383
0000064384
0000064385
0000064386
0000064387
0000064388
0000064389
0000064390
0000064391
0000064392
0000064393
0000064394
0000064395
0000064396
0000064397
0000064398
0000064401
0000064402
0000064403
0000064404
0000064405
0000064406
0000064407
0000064408
0000064409
0000064410
0000064411
0000064412
0000064413
0000064414
0000064415
0000064416
0000064417
0000064418
0000064419
0000064420
0000064421
0000064422
0000064423
0000064424
0000064425
0000064426
0000064427
0000064428
0000064429
0000064430
0000064431
0000064432
0000064433
0000064434
0000064435
0000064436
0000064437
0000064438
0000064439
0000064440
0000064441
0000064442
0000064443
0000064444
0000064445
0000064446
0000064447
0000064448
0000064449
0000064450
0000064451
0000064452
0000064453
0000064454
0000064455
0000064456
0000064457
0000064458
0000064459
0000064460
0000064461
0000064462
0000064464
0000064466
0000064467
0000064468
0000064469
0000064470
0000064471
0000064473
0000064474
0000064475
0000064477
0000064478
0000064479
0000064480
0000064481
0000064482
0000064483
0000064484
0000064485
0000064486
0000064487
0000064488
0000064489
0000064490
0000064491
0000064492
0000064493
0000064494
0000064495
0000064496
0000064497
0000064498
0000064499
0000064500
0000064501
0000064502
0000064503
0000064504
0000064505
0000064506
0000064507
0000064508
0000064509
0000064510
0000064511
0000064512
0000064513
0000064514
0000064515
0000064516
0000064517
0000064518
0000064519
0000064520
0000064521
0000064522
0000064523
0000064524
0000064525
0000064526
0000064527
0000064528
0000064529
0000064530
0000064531
0000064532
0000064533
0000064534
0000064536
0000064538
0000064540
0000064541
0000064543
0000064546
0000064548
0000064551
0000064553
0000064555
0000064556
0000064559
0000064560
0000064561
0000064564
0000064566
0000064567
0000064570
0000064573
0000064574
0000064578
0000064579
0000064580
0000064584
0000064585
0000064588
0000064589
0000064590
0000064593
0000064595
0000064596
0000064598
0000064601
0000064604
0000064605
0000064606
0000064608
0000064610
0000064611
0000064614
0000064616
0000064618
0000064620
0000064622
0000064624
0000064630
0000064632
0000064633
0000064634
0000064635
0000064638
0000064641
0000064642
0000064643
0000064647
0000064650
0000064651
0000064652
0000064653
0000064654
0000064655
0000064656
0000064657
0000064658
0000064659
0000064660
0000064661
0000064662
0000064663
0000064664
0000064665
0000064666
0000064667
0000064668
0000064669
0000064670
0000064671
0000064672
0000064673
0000064674
0000064675
0000064676
0000064677
0000064678
0000064679
0000064680
0000064681
0000064682
0000064683
0000064684
0000064685
0000064686
0000064687
0000064688
0000064689
0000064690
0000064691
0000064692
0000064693
0000064694
0000064695
0000064696
0000064697
0000064698
0000064699
0000064700
0000064701
0000064702
0000064703
0000064704
0000064705
0000064706
0000064707
0000064708
0000064709
0000064710
0000064711
0000064712
0000064713
0000064714
0000064715
0000064716
0000064717
0000064718
0000064719
0000064720
0000064721
0000064722
0000064723
0000064724
0000064725
0000064726
0000064727
0000064728
0000064729
0000064730
0000064731
0000064732
0000064733
0000064734
0000064735
0000064736
0000064737
0000064738
0000064739
0000064740
0000064741
0000064742
0000064743
0000064744
0000064745
0000064746
0000064747
0000064748
0000064749
0000064750
0000064751
0000064752
0000064753
0000064754
0000064755
0000064756
0000064757
0000064758
0000064759
0000064760
0000064761
0000064762
0000064763
0000064764
0000064765
0000064766
0000064767
0000064768
0000064769
0000064770
0000064771
0000064772
0000064773
0000064774
0000064775
0000064776
0000064777
0000064778
0000064779
0000064780
0000064781
0000064782
0000064783
0000064784
0000064785
0000064786
0000064787
0000064788
0000064789
0000064790
0000064791
0000064792
0000064793
0000064794
0000064795
0000064796
0000064797
0000064798
0000064799
0000064800
0000064801
0000064802
0000064803
0000064804
0000064805
0000064806
0000064807
0000064808
0000064809
0000064810
0000064811
0000064812
0000064813
0000064814
0000064815
0000064816
0000064817
0000064818
0000064819
0000064820
0000064821
0000064822
0000064823
0000064824
0000064825
0000064826
0000064827
0000064828
0000064829
0000064830
0000064831
0000064832
0000064833
0000064834
0000064835
0000064836
0000064837
0000064838
0000064839
0000064840
0000064841
0000064842
0000064843
0000064844
0000064845
0000064846
0000064847
0000064848
0000064849
0000064850
0000064851
0000064852
0000064853
0000064854
0000064855
0000064856
0000064857
0000064858
0000064859
0000064860
0000064861
0000064862
0000064863
0000064864
0000064865
0000064866
0000064867
0000064868
0000064869
0000064870
0000064871
0000064872
0000064873
0000064874
0000064875
0000064876
0000064877
0000064878
0000064879
0000064880
0000064881
0000064882
0000064883
0000064884
0000064885
0000064886
0000064887
0000064888
0000064889
0000064890
0000064891
0000064892
0000064893
0000064894
0000064895
0000064896
0000064897
0000064898
0000064899
0000064900
0000064901
0000064902
0000064903
0000064904
0000064905
0000064906
0000064907
0000064908
0000064909
0000064910
0000064911
0000064912
0000064913
0000064914
0000064915
0000064916
0000064917
0000064918
0000064919
0000064920
0000064921
0000064922
0000064923
0000064924
0000064925
0000064926
0000064927
0000064928
0000064929
0000064930
0000064931
0000064932
0000064933
0000064934
0000064935
0000064936
0000064937
0000064938
0000064939
0000064940
0000064941
0000064942
0000064943
0000064944
0000064945
0000064946
0000064947
0000064948
0000064949
0000064950
0000064951
0000064952
0000064953
0000064954
0000064955
0000064956
0000064957
0000064958
0000064959
0000064960
0000064961
0000064962
0000064963
0000064964
0000064965
0000064966
0000064967
0000064968
0000064969
0000064970
0000064971
0000064972
0000064973
0000064974
0000064975
0000064976
0000064977
0000064978
0000064979
0000064980
0000064981
0000064982
0000064983
0000064984
0000064985
0000064986
0000064987
0000064988
0000064989
0000064990
0000064991
0000064992
0000064993
0000064994
0000064995
0000064996
0000064997
0000064998
0000064999
0000065000
0000065001
0000065002
0000065003
0000065004
0000065005
0000065006
0000065007
0000065008
0000065009
0000065010
0000065011
0000065012
0000065013
0000065014
0000065015
0000065016
0000065017
0000065019
0000065020
0000065021
0000065022
0000065023
0000065024
0000065026
0000065027
0000065028
0000065030
0000065031
0000065032
0000065033
0000065034
0000065035
0000065036
0000065037
0000065039
0000065040
0000065041
0000065042
0000065043
0000065044
0000065045
0000065047
0000065048
0000065050
0000065052
0000065053
0000065054
0000065055
0000065056
0000065057
0000065058
0000065059
0000065060
0000065062
0000065063
0000065064
0000065065
0000065066
0000065067
0000065068
0000065069
0000065070
0000065071
0000065072
0000065073
0000065074
0000065075
0000065076
0000065077
0000065078
0000065079
0000065080
0000065081
0000065082
0000065083
0000065084
0000065085
0000065086
0000065087
0000065088
0000065089
0000065090
0000065091
0000065092
0000065093
0000065094
0000065095
0000065096
0000065097
0000065098
0000065099
0000065100
0000065101
0000065102
0000065103
0000065104
0000065105
0000065106
0000065107
0000065108
0000065109
0000065110
0000065111
0000065112
0000065113
0000065114
0000065115
0000065117
0000065118
0000065119
0000065120
0000065121
0000065122
0000065123
0000065124
0000065125
0000065126
0000065127
0000065128
0000065129
0000065130
0000065131
0000065132
0000065133
0000065134
0000065135
0000065136
0000065137
0000065138
0000065139
0000065140
0000065141
0000065142
0000065143
0000065144
0000065145
0000065146
0000065147
0000065148
0000065149
0000065150
0000065151
0000065152
0000065153
0000065154
0000065155
0000065156
0000065157
0000065158
0000065159
0000065160
0000065161
0000065162
0000065163
0000065164
0000065165
0000065166
0000065167
0000065168
0000065169
0000065170
0000065171
0000065172
0000065173
0000065174
0000065175
0000065176
0000065177
0000065178
0000065179
0000065180
0000065181
0000065182
0000065183
0000065184
0000065185
0000065186
0000065187
0000065188
0000065189
0000065190
0000065191
0000065192
0000065193
0000065194
0000065195
0000065196
0000065197
0000065198
0000065199
0000065200
0000065201
0000065202
0000065203
0000065204
0000065205
0000065206
0000065207
0000065208
0000065209
0000065210
0000065211
0000065212
0000065213
0000065214
0000065215
0000065216
0000065217
0000065218
0000065219
0000065220
0000065221
0000065222
0000065223
0000065224
0000065225
0000065226
0000065227
0000065228
0000065229
0000065230
0000065231
0000065232
0000065233
0000065234
0000065235
0000065236
0000065237
0000065238
0000065239
0000065240
0000065241
0000065242
0000065243
0000065244
0000065245
0000065246
0000065247
0000065248
0000065249
0000065250
0000065251
0000065252
0000065253
0000065254
0000065255
0000065256
0000065257
0000065258
0000065259
0000065260
0000065261
0000065262
0000065263
0000065264
0000065265
0000065266
0000065267
0000065268
0000065269
0000065270
0000065271
0000065272
0000065273
0000065274
0000065275
0000065276
0000065277
0000065278
0000065279
0000065280
0000065281
0000065282
0000065283
0000065284
0000065285
0000065286
0000065287
0000065288
0000065289
0000065290
0000065291
0000065292
0000065293
0000065294
0000065295
0000065296
0000065297
0000065298
0000065299
0000065300
0000065301
0000065302
0000065303
0000065304
0000065305
0000065306
0000065307
0000065308
0000065309
0000065310
0000065311
0000065312
0000065313
0000065314
0000065315
0000065316
0000065317
0000065318
0000065319
0000065320
0000065321
0000065322
0000065323
0000065324
0000065325
0000065326
0000065327
0000065328
0000065329
0000065330
0000065331
0000065332
0000065333
0000065334
0000065335
0000065336
0000065337
0000065338
0000065339
0000065340
0000065341
0000065342
0000065343
0000065344
0000065345
0000065346
0000065347
0000065348
0000065349
0000065350
0000065351
0000065352
0000065353
0000065354
0000065355
0000065356
0000065357
0000065358
0000065359
0000065360
0000065361
0000065362
0000065363
0000065364
0000065365
0000065366
0000065367
0000065368
0000065369
0000065370
0000065371
0000065372
0000065373
0000065374
0000065375
0000065376
0000065377
0000065378
0000065379
0000065380
0000065381
0000065382
0000065383
0000065384
0000065385
0000065386
0000065387
0000065388
0000065389
0000065390
0000065391
0000065392
0000065393
0000065394
0000065395
0000065396
0000065397
0000065398
0000065399
0000065400
0000065401
0000065402
0000065403
0000065404
0000065405
0000065406
0000065407
0000065408
0000065409
0000065410
0000065411
0000065412
0000065413
0000065414
0000065415
0000065416
0000065417
0000065418
0000065419
0000065420
0000065421
0000065422
0000065423
0000065424
0000065425
0000065426
0000065427
0000065428
0000065429
0000065430
0000065431
0000065432
0000065433
0000065434
0000065435
0000065436
0000065437
0000065438
0000065439
0000065440
0000065441
0000065442
0000065443
0000065444
0000065445
0000065446
0000065447
0000065448
0000065449
0000065450
0000065451
0000065452
0000065453
0000065454
0000065455
0000065456
0000065457
0000065458
0000065459
0000065460
0000065461
0000065462
0000065463
0000065464
0000065465
0000065466
0000065467
0000065468
0000065469
0000065470
0000065471
0000065472
0000065473
0000065474
0000065475
0000065476
0000065477
0000065478
0000065479
0000065480
0000065481
0000065482
0000065483
0000065484
0000065485
0000065486
0000065487
0000065488
0000065489
0000065490
0000065491
0000065492
0000065493
0000065494
0000065495
0000065496
0000065497
0000065498
0000065499
0000065500
0000065501
0000065502
0000065503
0000065504
0000065505
0000065506
0000065507
0000065508
0000065509
0000065510
0000065511
0000065512
0000065513
0000065514
0000065515
0000065516
0000065517
0000065518
0000065519
0000065520
0000065521
0000065522
0000065523
0000065524
0000065525
0000065526
0000065527
0000065528
0000065529
0000065530
0000065531
0000065532
0000065533
0000065534
0000065535
0000065536
0000065537
0000065538
0000065539
0000065540
0000065541
0000065542
0000065543
0000065544
0000065545
0000065546
0000065547
0000065548
0000065549
0000065550
0000065551
0000065552
0000065553
0000065554
0000065555
0000065556
0000065557
0000065558
0000065559
0000065560
0000065561
0000065562
0000065563
0000065564
0000065565
0000065566
0000065567
0000065568
0000065569
0000065570
0000065571
0000065572
0000065573
0000065574
0000065575
0000065576
0000065577
0000065578
0000065579
0000065580
0000065581
0000065582
0000065583
0000065584
0000065585
0000065586
0000065587
0000065588
0000065589
0000065590
0000065591
0000065592
0000065593
0000065594
0000065595
0000065596
0000065597
0000065598
0000065599
0000065600
0000065601
0000065602
0000065603
0000065604
0000065605
0000065606
0000065607
0000065608
0000065609
0000065610
0000065611
0000065612
0000065613
0000065614
0000065615
0000065616
0000065617
0000065618
0000065619
0000065620
0000065621
0000065622
0000065623
0000065624
0000065625
0000065626
0000065627
0000065628
0000065629
0000065630
0000065631
0000065632
0000065633
0000065634
0000065635
0000065636
0000065637
0000065638
0000065639
0000065640
0000065641
0000065642
0000065643
0000065644
0000065645
0000065646
0000065647
0000065648
0000065649
0000065650
0000065651
0000065652
0000065653
0000065654
0000065655
0000065656
0000065657
0000065658
0000065659
0000065660
0000065661
0000065662
0000065663
0000065664
0000065665
0000065666
0000065667
0000065668
0000065669
0000065670
0000065671
0000065672
0000065673
0000065674
0000065675
0000065676
0000065677
0000065678
0000065679
0000065680
0000065681
0000065682
0000065683
0000065684
0000065685
0000065686
0000065687
0000065688
0000065689
0000065690
0000065691
0000065692
0000065693
0000065694
0000065695
0000065696
0000065697
0000065698
0000065699
0000065700
0000065701
0000065702
0000065703
0000065704
0000065705
0000065706
0000065707
0000065708
0000065709
0000065710
0000065711
0000065712
0000065713
0000065714
0000065715
0000065716
0000065717
0000065718
0000065719
0000065720
0000065721
0000065722
0000065723
0000065724
0000065725
0000065726
0000065727
0000065728
0000065729
0000065730
0000065731
0000065732
0000065733
0000065734
0000065735
0000065736
0000065737
0000065738
0000065739
0000065740
0000065741
0000065742
0000065743
0000065744
0000065745
0000065746
0000065747
0000065748
0000065749
0000065750
0000065751
0000065752
0000065753
0000065754
0000065755
0000065756
0000065757
0000065758
0000065759
0000065760
0000065761
0000065762
0000065763
0000065764
0000065765
0000065766
0000065767
0000065768
0000065769
0000065770
0000065771
0000065772
0000065773
0000065774
0000065775
0000065776
0000065777
0000065778
0000065779
0000065780
0000065781
0000065782
0000065783
0000065784
0000065785
0000065786
0000065787
0000065788
0000065789
0000065790
0000065791
0000065792
0000065793
0000065794
0000065795
0000065796
0000065797
0000065798
0000065799
0000065800
0000065801
0000065802
0000065803
0000065804
0000065805
0000065806
0000065807
0000065808
0000065809
0000065810
0000065811
0000065812
0000065813
0000065814
0000065815
0000065816
0000065817
0000065818
0000065819
0000065820
0000065821
0000065822
0000065823
0000065824
0000065825
0000065826
0000065827
0000065828
0000065829
0000065830
0000065831
0000065832
0000065833
0000065834
0000065835
0000065836
0000065837
0000065838
0000065839
0000065840
0000065841
0000065842
0000065843
0000065844
0000065845
0000065846
0000065847
0000065848
0000065849
0000065850
0000065851
0000065852
0000065853
0000065854
0000065855
0000065856
0000065857
0000065858
0000065859
0000065860
0000065861
0000065862
0000065863
0000065864
0000065865
0000065866
0000065867
0000065868
0000065869
0000065870
0000065871
0000065872
0000065873
0000065874
0000065875
0000065876
0000065877
0000065878
0000065879
0000065880
0000065881
0000065882
0000065883
0000065884
0000065885
0000065886
0000065887
0000065888
0000065889
0000065890
0000065891
0000065892
0000065893
0000065894
0000065895
0000065896
0000065897
0000065898
0000065899
0000065900
0000065901
0000065902
0000065903
0000065904
0000065905
0000065906
0000065907
0000065908
0000065909
0000065910
0000065911
0000065912
0000065913
0000065914
0000065915
0000065916
0000065917
0000065918
0000065919
0000065920
0000065921
0000065922
0000065923
0000065924
0000065925
0000065926
0000065927
0000065928
0000065929
0000065930
0000065931
0000065932
0000065933
0000065934
0000065935
0000065936
0000065937
0000065938
0000065939
0000065940
0000065941
0000065942
0000065943
0000065944
0000065945
0000065946
0000065947
0000065948
0000065949
0000065950
0000065951
0000065952
0000065953
0000065954
0000065955
0000065956
0000065957
0000065958
0000065959
0000065960
0000065961
0000065962
0000065963
0000065964
0000065965
0000065966
0000065967
0000065968
0000065969
0000065970
0000065971
0000065972
0000065973
0000065974
0000065975
0000065976
0000065977
0000065978
0000065979
0000065980
0000065981
0000065982
0000065983
0000065984
0000065985
0000065986
0000065987
0000065988
0000065989
0000065990
0000065991
0000065992
0000065993
0000065994
0000065995
0000065996
0000065997
0000065998
0000065999
0000066000
0000066001
0000066002
0000066003
0000066004
0000066005
0000066006
0000066007
0000066008
0000066009
0000066010
0000066011
0000066012
0000066013
0000066014
0000066015
0000066016
0000066017
0000066018
0000066019
0000066020
0000066021
0000066022
0000066023
0000066024
0000066025
0000066026
0000066027
0000066028
0000066029
0000066030
0000066031
0000066032
0000066033
0000066034
0000066035
0000066036
0000066037
0000066038
0000066039
0000066040
0000066041
0000066042
0000066043
0000066044
0000066045
0000066046
0000066047
0000066048
0000066049
0000066050
0000066051
0000066052
0000066053
0000066054
0000066055
0000066056
0000066057
0000066058
0000066059
0000066060
0000066061
0000066062
0000066063
0000066064
0000066065
0000066066
0000066067
0000066068
0000066069
0000066070
0000066071
0000066072
0000066073
0000066074
0000066075
0000066076
0000066077
0000066078
0000066079
0000066080
0000066081
0000066082
0000066083
0000066084
0000066085
0000066086
0000066087
0000066088
0000066089
0000066090
0000066091
0000066092
0000066093
0000066094
0000066095
0000066096
0000066097
0000066098
0000066099
0000066100
0000066101
0000066102
0000066103
0000066104
0000066105
0000066106
0000066107
0000066108
0000066109
0000066110
0000066111
0000066112
0000066113
0000066114
0000066115
0000066116
0000066117
0000066118
0000066119
0000066120
0000066121
0000066122
0000066123
0000066124
0000066125
0000066126
0000066127
0000066128
0000066129
0000066130
0000066131
0000066132
0000066133
0000066134
0000066135
0000066136
0000066137
0000066138
0000066139
0000066140
0000066141
0000066142
0000066143
0000066144
0000066145
0000066146
0000066147
0000066148
0000066149
0000066150
0000066151
0000066152
0000066153
0000066154
0000066155
0000066156
0000066157
0000066158
0000066159
0000066160
0000066161
0000066162
0000066163
0000066164
0000066165
0000066166
0000066167
0000066168
0000066169
0000066170
0000066171
0000066172
0000066173
0000066174
0000066175
0000066176
0000066177
0000066178
0000066179
0000066180
0000066181
0000066182
0000066183
0000066184
0000066185
0000066186
0000066187
0000066188
0000066189
0000066190
0000066191
0000066192
0000066193
0000066194
0000066195
0000066196
0000066197
0000066198
0000066199
0000066200
0000066201
0000066202
0000066203
0000066204
0000066205
0000066206
0000066207
0000066208
0000066209
0000066210
0000066211
0000066212
0000066213
0000066214
0000066215
0000066216
0000066217
0000066218
0000066219
0000066220
0000066221
0000066222
0000066223
0000066224
0000066225
0000066226
0000066227
0000066228
0000066229
0000066230
0000066231
0000066232
0000066233
0000066234
0000066235
0000066236
0000066237
0000066238
0000066239
0000066240
0000066241
0000066242
0000066243
0000066244
0000066245
0000066246
0000066247
0000066248
0000066249
0000066250
0000066251
0000066252
0000066253
0000066254
0000066255
0000066256
0000066257
0000066258
0000066259
0000066260
0000066261
0000066262
0000066263
0000066264
0000066265
0000066266
0000066267
0000066268
0000066269
0000066270
0000066271
0000066272
0000066273
0000066274
0000066275
0000066276
0000066277
0000066278
0000066279
0000066280
0000066281
0000066282
0000066283
0000066284
0000066285
0000066286
0000066287
0000066288
0000066289
0000066290
0000066291
0000066292
0000066293
0000066294
0000066295
0000066296
0000066297
0000066298
0000066299
0000066300
0000066301
0000066302
0000066303
0000066304
0000066305
0000066306
0000066307
0000066308
0000066309
0000066310
0000066311
0000066312
0000066313
0000066314
0000066315
0000066316
0000066317
0000066318
0000066319
0000066320
0000066321
0000066322
0000066323
0000066324
0000066325
0000066326
0000066327
0000066328
0000066329
0000066330
0000066331
0000066332
0000066333
0000066334
0000066335
0000066336
0000066337
0000066338
0000066339
0000066340
0000066341
0000066342
0000066343
0000066344
0000066345
0000066346
0000066347
0000066348
0000066349
0000066350
0000066351
0000066352
0000066353
0000066354
0000066355
0000066356
0000066357
0000066358
0000066359
0000066360
0000066361
0000066362
0000066363
0000066364
0000066365
0000066366
0000066367
0000066368
0000066369
0000066370
0000066371
0000066372
0000066373
0000066374
0000066375
0000066376
0000066377
0000066378
0000066379
0000066380
0000066381
0000066382
0000066383
0000066384
0000066385
0000066386
0000066387
0000066388
0000066389
0000066390
0000066391
0000066392
0000066393
0000066394
0000066395
0000066396
0000066397
0000066398
0000066399
0000066400
0000066401
0000066402
0000066403
0000066404
0000066405
0000066406
0000066407
0000066408
0000066409
0000066410
0000066411
0000066412
0000066413
0000066414
0000066415
0000066416
0000066417
0000066418
0000066419
0000066420
0000066421
0000066422
0000066423
0000066424
0000066425
0000066426
0000066427
0000066428
0000066429
0000066430
0000066431
0000066432
0000066433
0000066434
0000066435
0000066436
0000066437
0000066438
0000066439
0000066440
0000066441
0000066442
0000066443
0000066444
0000066445
0000066446
0000066447
0000066448
0000066449
0000066450
0000066451
0000066452
0000066453
0000066454
0000066455
0000066456
0000066457
0000066458
0000066459
0000066460
0000066461
0000066462
0000066463
0000066464
0000066465
0000066466
0000066467
0000066468
0000066469
0000066470
0000066471
0000066472
0000066473
0000066474
0000066475
0000066476
0000066477
0000066478
0000066479
0000066480
0000066481
0000066482
0000066483
0000066484
0000066485
0000066486
0000066487
0000066488
0000066489
0000066490
0000066491
0000066492
0000066493
0000066494
0000066495
0000066496
0000066497
0000066498
0000066499
0000066500
0000066501
0000066502
0000066503
0000066504
0000066505
0000066506
0000066507
0000066508
0000066509
0000066510
0000066511
0000066512
0000066513
0000066514
0000066515
0000066516
0000066517
0000066518
0000066519
0000066520
0000066521
0000066522
0000066523
0000066524
0000066525
0000066526
0000066527
0000066528
0000066529
0000066530
0000066531
0000066532
0000066533
0000066534
0000066535
0000066536
0000066537
0000066538
0000066539
0000066540
0000066541
0000066542
0000066543
0000066544
0000066545
0000066546
0000066547
0000066548
0000066549
0000066550
0000066551
0000066552
0000066553
0000066554
0000066555
0000066556
0000066557
0000066558
0000066559
0000066560
0000066561
0000066562
0000066563
0000066564
0000066565
0000066566
0000066567
0000066568
0000066569
0000066570
0000066571
0000066572
0000066573
0000066574
0000066575
0000066576
0000066577
0000066578
0000066579
0000066580
0000066581
0000066582
0000066583
0000066584
0000066585
0000066586
0000066587
0000066588
0000066589
0000066590
0000066591
0000066592
0000066593
0000066594
0000066595
0000066596
0000066597
0000066598
0000066599
0000066600
0000066601
0000066602
0000066603
0000066604
0000066605
0000066606
0000066607
0000066608
0000066609
0000066610
0000066611
0000066612
0000066613
0000066614
0000066615
0000066616
0000066617
0000066618
0000066619
0000066620
0000066621
0000066622
0000066623
0000066624
0000066625
0000066626
0000066627
0000066628
0000066629
0000066630
0000066631
0000066632
0000066633
0000066634
0000066635
0000066636
0000066637
0000066638
0000066639
0000066640
0000066641
0000066642
0000066643
0000066644
0000066645
0000066646
0000066647
0000066648
0000066649
0000066650
0000066651
0000066652
0000066653
0000066654
0000066655
0000066656
0000066657
0000066658
0000066659
0000066660
0000066661
0000066662
0000066663
0000066664
0000066665
0000066666
0000066667
0000066668
0000066669
0000066670
0000066671
0000066672
0000066673
0000066674
0000066675
0000066676
0000066677
0000066678
0000066679
0000066680
0000066681
0000066682
0000066683
0000066684
0000066685
0000066686
0000066687
0000066688
0000066689
0000066690
0000066691
0000066692
0000066693
0000066694
0000066695
0000066696
0000066697
0000066698
0000066699
0000066700
0000066701
0000066702
0000066703
0000066704
0000066705
0000066706
0000066707
0000066708
0000066709
0000066710
0000066711
0000066712
0000066713
0000066714
0000066715
0000066716
0000066717
0000066718
0000066719
0000066720
0000066721
0000066722
0000066723
0000066724
0000066725
0000066726
0000066727
0000066728
0000066729
0000066730
0000066731
0000066732
0000066733
0000066734
0000066735
0000066736
0000066737
0000066738
0000066739
0000066740
0000066741
0000066742
0000066743
0000066744
0000066745
0000066746
0000066747
0000066748
0000066749
0000066750
0000066751
0000066752
0000066753
0000066754
0000066755
0000066756
0000066757
0000066758
0000066759
0000066760
0000066761
0000066762
0000066763
0000066764
0000066765
0000066766
0000066767
0000066768
0000066769
0000066770
0000066771
0000066772
0000066773
0000066774
0000066775
0000066776
0000066777
0000066778
0000066779
0000066780
0000066781
0000066782
0000066783
0000066784
0000066785
0000066786
0000066787
0000066788
0000066789
0000066790
0000066791
0000066792
0000066793
0000066794
0000066795
0000066796
0000066797
0000066798
0000066799
0000066800
0000066801
0000066802
0000066803
0000066804
0000066805
0000066806
0000066807
0000066808
0000066809
0000066810
0000066811
0000066812
0000066813
0000066814
0000066815
0000066816
0000066817
0000066818
0000066819
0000066820
0000066821
0000066822
0000066823
0000066824
0000066825
0000066826
0000066827
0000066828
0000066829
0000066830
0000066831
0000066832
0000066833
0000066834
0000066835
0000066836
0000066837
0000066838
0000066839
0000066840
0000066841
0000066842
0000066843
0000066844
0000066845
0000066846
0000066847
0000066848
0000066849
0000066850
0000066851
0000066852
0000066853
0000066854
0000066855
0000066856
0000066857
0000066858
0000066859
0000066860
0000066861
0000066862
0000066863
0000066864
0000066865
0000066866
0000066867
0000066868
0000066869
0000066870
0000066871
0000066872
0000066873
0000066874
0000066875
0000066876
0000066877
0000066878
0000066879
0000066880
0000066881
0000066882
0000066883
0000066884
0000066885
0000066886
0000066887
0000066888
0000066889
0000066890
0000066891
0000066892
0000066893
0000066894
0000066895
0000066896
0000066897
0000066898
0000066899
0000066900
0000066901
0000066902
0000066903
0000066904
0000066905
0000066906
0000066907
0000066908
0000066909
0000066910
0000066911
0000066912
0000066913
0000066914
0000066915
0000066916
0000066917
0000066918
0000066919
0000066920
0000066921
0000066922
0000066923
0000066924
0000066925
0000066926
0000066927
0000066928
0000066929
0000066930
0000066931
0000066932
0000066933
0000066934
0000066935
0000066936
0000066937
0000066938
0000066939
0000066940
0000066941
0000066942
0000066943
0000066944
0000066945
0000066946
0000066947
0000066948
0000066949
0000066950
0000066951
0000066952
0000066953
0000066954
0000066955
0000066956
0000066957
0000066958
0000066959
0000066960
0000066961
0000066962
0000066963
0000066964
0000066965
0000066966
0000066967
0000066968
0000066969
0000066970
0000066971
0000066972
0000066973
0000066974
0000066975
0000066976
0000066977
0000066978
0000066979
0000066980
0000066981
0000066982
0000066983
0000066984
0000066985
0000066986
0000066987
0000066988
0000066989
0000066990
0000066991
0000066992
0000066993
0000066994
0000066995
0000066996
0000066997
0000066998
0000066999
0000067000
0000067001
0000067002
0000067003
0000067004
0000067005
0000067006
0000067007
0000067008
0000067009
0000067010
0000067011
0000067012
0000067013
0000067014
0000067015
0000067016
0000067017
0000067018
0000067019
0000067020
0000067021
0000067022
0000067023
0000067024
0000067025
0000067026
0000067027
0000067028
0000067029
0000067030
0000067031
0000067032
0000067033
0000067034
0000067035
0000067036
0000067037
0000067038
0000067039
0000067040
0000067041
0000067042
0000067043
0000067044
0000067045
0000067046
0000067047
0000067048
0000067049
0000067050
0000067051
0000067052
0000067053
0000067054
0000067055
0000067056
0000067057
0000067058
0000067059
0000067060
0000067061
0000067062
0000067063
0000067064
0000067065
0000067066
0000067067
0000067068
0000067069
0000067070
0000067071
0000067072
0000067073
0000067074
0000067075
0000067076
0000067077
0000067078
0000067079
0000067080
0000067081
0000067082
0000067083
0000067084
0000067085
0000067086
0000067087
0000067088
0000067089
0000067090
0000067091
0000067092
0000067093
0000067094
0000067095
0000067096
0000067097
0000067098
0000067099
0000067100
0000067101
0000067102
0000067103
0000067104
0000067105
0000067106
0000067107
0000067108
0000067109
0000067110
0000067111
0000067112
0000067113
0000067114
0000067115
0000067116
0000067117
0000067118
0000067119
0000067120
0000067121
0000067122
0000067123
0000067124
0000067125
0000067126
0000067127
0000067128
0000067129
0000067130
0000067131
0000067132
0000067133
0000067134
0000067135
0000067136
0000067137
0000067138
0000067139
0000067140
0000067141
0000067142
0000067143
0000067144
0000067145
0000067146
0000067147
0000067148
0000067149
0000067150
0000067151
0000067152
0000067153
0000067154
0000067155
0000067156
0000067157
0000067158
0000067159
0000067160
0000067161
0000067162
0000067163
0000067164
0000067165
0000067166
0000067167
0000067168
0000067169
0000067170
0000067171
0000067172
0000067173
0000067174
0000067175
0000067176
0000067177
0000067178
0000067179
0000067180
0000067181
0000067182
0000067183
0000067184
0000067185
0000067186
0000067187
0000067188
0000067189
0000067190
0000067191
0000067192
0000067193
0000067194
0000067195
0000067196
0000067197
0000067198
0000067199
0000067200
0000067201
0000067202
0000067203
0000067204
0000067205
0000067206
0000067207
0000067208
0000067209
0000067210
0000067211
0000067212
0000067213
0000067214
0000067215
0000067216
0000067217
0000067218
0000067219
0000067220
0000067221
0000067222
0000067223
0000067224
0000067225
0000067226
0000067227
0000067228
0000067229
0000067230
0000067231
0000067232
0000067233
0000067234
0000067235
0000067236
0000067237
0000067238
0000067239
0000067240
0000067241
0000067242
0000067243
0000067244
0000067245
0000067246
0000067247
0000067248
0000067249
0000067250
0000067251
0000067252
0000067253
0000067254
0000067255
0000067256
0000067257
0000067258
0000067259
0000067260
0000067261
0000067262
0000067263
0000067264
0000067265
0000067266
0000067267
0000067268
0000067269
0000067270
0000067271
0000067272
0000067273
0000067274
0000067275
0000067276
0000067277
0000067278
0000067279
0000067280
0000067281
0000067282
0000067283
0000067284
0000067285
0000067286
0000067287
0000067288
0000067289
0000067290
0000067291
0000067292
0000067293
0000067294
0000067295
0000067296
0000067297
0000067298
0000067299
0000067300
0000067301
0000067302
0000067303
0000067304
0000067305
0000067306
0000067307
0000067308
0000067309
0000067310
0000067311
0000067312
0000067313
0000067314
0000067315
0000067316
0000067317
0000067318
0000067319
0000067320
0000067321
0000067322
0000067323
0000067324
0000067325
0000067326
0000067327
0000067328
0000067329
0000067330
0000067331
0000067332
0000067333
0000067334
0000067335
0000067336
0000067337
0000067338
0000067339
0000067340
0000067341
0000067342
0000067343
0000067344
0000067345
0000067346
0000067347
0000067348
0000067349
0000067350
0000067351
0000067352
0000067353
0000067354
0000067355
0000067356
0000067357
0000067358
0000067359
0000067360
0000067361
0000067362
0000067363
0000067364
0000067365
0000067366
0000067367
0000067368
0000067369
0000067370
0000067371
0000067372
0000067373
0000067374
0000067375
0000067376
0000067377
0000067378
0000067379
0000067380
0000067381
0000067382
0000067383
0000067384
0000067385
0000067386
0000067387
0000067388
0000067389
0000067390
0000067391
0000067392
0000067393
0000067394
0000067395
0000067396
0000067397
0000067398
0000067399
0000067400
0000067401
0000067402
0000067403
0000067404
0000067405
0000067406
0000067407
0000067408
0000067409
0000067410
0000067411
0000067412
0000067413
0000067414
0000067415
0000067416
0000067417
0000067418
0000067419
0000067420
0000067421
0000067422
0000067423
0000067424
0000067425
0000067426
0000067427
0000067428
0000067429
0000067430
0000067431
0000067432
0000067433
0000067434
0000067435
0000067436
0000067437
0000067438
0000067439
0000067440
0000067441
0000067442
0000067443
0000067444
0000067445
0000067446
0000067447
0000067448
0000067449
0000067450
0000067451
0000067452
0000067453
0000067454
0000067455
0000067456
0000067457
0000067458
0000067459
0000067460
0000067461
0000067462
0000067463
0000067464
0000067465
0000067466
0000067467
0000067468
0000067469
0000067470
0000067471
0000067472
0000067473
0000067474
0000067475
0000067476
0000067477
0000067478
0000067479
0000067480
0000067481
0000067482
0000067483
0000067484
0000067485
0000067486
0000067487
0000067488
0000067489
0000067490
0000067491
0000067492
0000067493
0000067494
0000067495
0000067496
0000067497
0000067498
0000067499
0000067500
0000067501
0000067502
0000067503
0000067504
0000067505
0000067506
0000067507
0000067508
0000067509
0000067510
0000067511
0000067512
0000067513
0000067514
0000067515
0000067516
0000067517
0000067518
0000067519
0000067520
0000067521
0000067522
0000067523
0000067524
0000067525
0000067526
0000067527
0000067528
0000067529
0000067530
0000067531
0000067532
0000067533
0000067534
0000067535
0000067536
0000067537
0000067538
0000067539
0000067540
0000067541
0000067542
0000067543
0000067544
0000067545
0000067546
0000067547
0000067548
0000067549
0000067550
0000067551
0000067552
0000067553
0000067554
0000067555
0000067556
0000067557
0000067558
0000067559
0000067560
0000067561
0000067562
0000067563
0000067564
0000067565
0000067566
0000067567
0000067568
0000067569
0000067570
0000067571
0000067572
0000067573
0000067574
0000067575
0000067576
0000067577
0000067578
0000067579
0000067580
0000067581
0000067582
0000067583
0000067584
0000067585
0000067586
0000067587
0000067588
0000067589
0000067590
0000067591
0000067592
0000067593
0000067594
0000067595
0000067596
0000067597
0000067598
0000067599
0000067600
0000067601
0000067602
0000067603
0000067604
0000067605
0000067606
0000067607
0000067608
0000067609
0000067610
0000067611
0000067612
0000067613
0000067614
0000067615
0000067616
0000067617
0000067618
0000067619
0000067620
0000067621
0000067622
0000067623
0000067624
0000067625
0000067626
0000067627
0000067628
0000067629
0000067631
0000067632
0000067633
0000067634
0000067635
0000067636
0000067637
0000067638
0000067639
0000067640
0000067641
0000067642
0000067643
0000067644
0000067645
0000067646
0000067647
0000067648
0000067649
0000067650
0000067651
0000067652
0000067653
0000067654
0000067655
0000067656
0000067657
0000067658
0000067659
0000067660
0000067661
0000067662
0000067663
0000067664
0000067665
0000067666
0000067667
0000067668
0000067669
0000067670
0000067671
0000067672
0000067673
0000067674
0000067675
0000067676
0000067677
0000067678
0000067679
0000067680
0000067681
0000067682
0000067683
0000067684
0000067685
0000067686
0000067687
0000067688
0000067689
0000067690
0000067691
0000067692
0000067693
0000067694
0000067695
0000067696
0000067697
0000067698
0000067699
0000067700
0000067701
0000067702
0000067703
0000067704
0000067705
0000067706
0000067707
0000067708
0000067709
0000067710
0000067711
0000067712
0000067713
0000067714
0000067715
0000067716
0000067717
0000067718
0000067719
0000067720
0000067721
0000067722
0000067723
0000067724
0000067725
0000067726
0000067727
0000067728
0000067729
0000067730
0000067731
0000067732
0000067733
0000067734
0000067735
0000067736
0000067737
0000067738
0000067739
0000067740
0000067741
0000067742
0000067743
0000067744
0000067745
0000067746
0000067747
0000067748
0000067749
0000067750
0000067751
0000067752
0000067753
0000067754
0000067755
0000067756
0000067757
0000067758
0000067759
0000067760
0000067761
0000067762
0000067763
0000067764
0000067765
0000067766
0000067767
0000067768
0000067769
0000067770
0000067771
0000067772
0000067773
0000067774
0000067775
0000067776
0000067777
0000067778
0000067779
0000067780
0000067781
0000067782
0000067783
0000067784
0000067785
0000067786
0000067787
0000067788
0000067789
0000067790
0000067791
0000067792
0000067793
0000067794
0000067795
0000067796
0000067797
0000067798
0000067799
0000067800
0000067801
0000067802
0000067803
0000067805
0000067806
0000067807
0000067808
0000067809
0000067810
0000067811
0000067812
0000067813
0000067814
0000067815
0000067816
0000067817
0000067818
0000067819
0000067820
0000067821
0000067822
0000067823
0000067824
0000067825
0000067826
0000067827
0000067828
0000067829
0000067830
0000067831
0000067832
0000067833
0000067834
0000067835
0000067836
0000067837
0000067838
